0.205 0.535
0.22 0.535
0.29 0.52
0.375 0.475
0.47 0.4
0.545 0.305
0.59 0.24
0.605 0.18
0.61 0.15
0.61 0.145
0.61 0.145
0.61 0.165
0.61 0.205
0.61 0.3
0.61 0.625
0.575 0.945
0.54 1.295
0.51 1.54
0.505 1.615
0.505 1.645
0.505 1.645
0.505 1.645
0.505 1.645
0.505 1.645
0.505 1.645
0.505 1.645
0.505 1.645
0.505 1.645
0.505 1.645
0.505 1.645
0.505 1.645
0.505 1.645
0.505 1.645
0.505 1.645
0.505 1.645
0.505 1.645
0.505 1.645
0.505 1.645
0.365 1.655
0.325 1.655
0.315 1.655
0.31 1.655
0.31 1.655
0.305 1.655
0.305 1.655
0.305 1.655
0.525 1.635
0.825 1.635
0.89 1.635
0.97 1.635
0.97 1.635
0.97 1.635
0.975 1.635
0.97 1.635
0.955 1.64
0.955 1.64
0.955 1.64
0.955 1.64
0.955 1.64