0.135 0.435
0.135 0.43
0.13 0.405
0.14 0.36
0.19 0.325
0.25 0.29
0.31 0.275
0.365 0.275
0.415 0.275
0.45 0.275
0.465 0.28
0.475 0.28
0.52 0.3
0.555 0.32
0.595 0.34
0.63 0.36
0.65 0.375
0.665 0.395
0.685 0.425
0.705 0.445
0.715 0.46
0.735 0.49
0.755 0.53
0.77 0.565
0.79 0.615
0.805 0.665
0.825 0.725
0.83 0.785
0.825 0.83
0.81 0.885
0.8 0.93
0.78 0.99
0.765 1.055
0.755 1.105
0.715 1.165
0.675 1.225
0.645 1.28
0.605 1.34
0.575 1.38
0.535 1.42
0.5 1.455
0.45 1.475
0.405 1.51
0.37 1.535
0.34 1.55
0.295 1.565
0.26 1.58
0.22 1.595
0.195 1.6
0.16 1.6
0.12 1.59
0.08 1.57
0.06 1.555
0.05 1.53
0.045 1.515
0.045 1.485
0.045 1.465
0.055 1.45
0.075 1.425
0.09 1.41
0.115 1.395
0.155 1.38
0.225 1.37
0.275 1.37
0.33 1.385
0.41 1.4
0.48 1.42
0.52 1.425
0.57 1.45
0.625 1.48
0.69 1.525
0.735 1.565
0.775 1.59
0.795 1.6
0.805 1.61
0.825 1.61
0.84 1.61
0.85 1.605
0.86 1.605
0.86 1.605
0.865 1.605
0.865 1.605
0.865 1.605
0.865 1.605
0.865 1.605
0.865 1.605
0.865 1.605
0.865 1.605
0.865 1.605
0.865 1.605
0.865 1.605
0.865 1.605
0.865 1.605
0.865 1.605
0.865 1.605
0.865 1.605
0.865 1.605
0.865 1.605
0.865 1.605