0.31 0.305
0.31 0.305
0.285 0.365
0.25 0.47
0.225 0.575
0.21 0.7
0.205 0.81
0.22 0.895
0.27 0.965
0.335 1.0
0.42 1.02
0.51 1.01
0.665 0.845
0.815 0.53
0.9 0.385
0.905 0.365
0.905 0.365
0.905 0.365
0.895 0.375
0.835 0.57
0.705 1.0
0.605 1.21
0.54 1.39
0.5 1.525
0.495 1.56
0.495 1.565
0.495 1.58
0.49 1.595
0.49 1.61
0.48 1.66
0.465 1.69
0.465 1.69
0.465 1.69
0.465 1.69
0.465 1.69
0.465 1.69
0.465 1.69
0.465 1.69
0.465 1.69
0.465 1.69
0.465 1.69
0.465 1.69
0.465 1.69
0.465 1.69
0.465 1.69
0.465 1.69
0.465 1.69
0.465 1.69
0.465 1.69
0.465 1.69
0.465 1.69
0.465 1.69