0.105 0.785
0.11 0.78
0.165 0.715
0.235 0.64
0.25 0.62
0.31 0.615
0.38 0.615
0.42 0.67
0.465 0.76
0.495 0.875
0.505 0.97
0.52 1.075
0.535 1.18
0.555 1.245
0.585 1.31
0.61 1.36
0.61 1.36
0.615 1.365
0.615 1.365
0.635 1.375
0.65 1.38
0.67 1.385
0.695 1.385
0.73 1.37
0.79 1.315
0.815 1.29
0.84 1.26
0.845 1.255
0.845 1.255
0.82 1.28
0.785 1.305
0.76 1.33
0.755 1.335
0.74 1.345
0.735 1.355
0.715 1.365
0.71 1.375
0.695 1.375
0.68 1.375
0.655 1.375
0.64 1.375
0.63 1.375
0.61 1.36
0.605 1.355
0.6 1.33
0.585 1.3
0.58 1.27
0.57 1.245
0.57 1.225
0.56 1.19
0.555 1.155
0.55 1.14
0.545 1.115
0.54 1.1
0.53 1.09
0.525 1.075
0.51 1.055
0.51 1.045
0.51 1.045
0.51 1.045
0.51 1.045
0.53 1.015
0.555 0.98
0.585 0.93
0.625 0.87
0.665 0.81
0.7 0.74
0.725 0.68
0.745 0.66
0.745 0.66
0.745 0.66
0.745 0.66
0.72 0.685
0.68 0.74
0.66 0.78
0.64 0.805
0.6 0.85
0.57 0.89
0.53 0.955
0.505 0.995
0.485 1.025
0.46 1.075
0.42 1.145
0.37 1.21
0.36 1.24
0.35 1.25
0.33 1.275
0.32 1.305
0.305 1.33
0.29 1.355
0.29 1.355
0.29 1.355
0.29 1.355
0.275 1.37
0.26 1.385
0.255 1.395
0.255 1.395
0.255 1.395
0.255 1.395
0.255 1.395
0.255 1.395
0.255 1.395